1400 , 1.042440288e-05
1400.936455 , 8.839835586e-05
1401.87291 , 0.0001982122503
1402.809365 , 0.00027033718
1403.745819 , 0.0002578143137
1404.682274 , 0.0001676044429
1405.618729 , 5.765715577e-05
1406.555184 , 7.45952619e-07
1407.491639 , 3.761991712e-05
1408.428094 , 0.0001495769976
1409.364548 , 0.000268765129
1410.301003 , 0.0003204772602
1411.237458 , 0.0002709739658
1412.173913 , 0.0001503828632
1413.110368 , 3.546879232e-05
1414.046823 , 2.11914269e-06
1414.983278 , 7.689727288e-05
1415.919732 , 0.0002185200192
1416.856187 , 0.0003418952272
1417.792642 , 0.0003705672445
1418.729097 , 0.0002852073959
1419.665552 , 0.0001376729258
1420.602007 , 2.090151465e-05
1421.538462 , 1.206987203e-05
1422.474916 , 0.0001236971053
1423.411371 , 0.0002935774831
1424.347826 , 0.000420994707
1425.284281 , 0.0004279384207
1426.220736 , 0.0003126772108
1427.157191 , 0.0001386336891
1428.093645 , 1.504438035e-05
1429.0301 , 2.300281865e-05
1429.966555 , 0.0001664234023
1430.90301 , 0.0003668809191
1431.839465 , 0.0005080692935
1432.77592 , 0.0005065320199
1433.712375 , 0.0003599206783
1434.648829 , 0.0001541252777
1435.585284 , 1.435353076e-05
1436.521739 , 3.155621555e-05
1437.458194 , 0.0002065462078
1438.394649 , 0.0004460107245
1439.331104 , 0.0006145168066
1440.267559 , 0.0006132224918
1441.204013 , 0.0004396781026
1442.140468 , 0.0001931960936
1443.076923 , 2.074112921e-05
1444.013378 , 3.255727025e-05
1444.949833 , 0.0002357912872
1445.886288 , 0.0005259538593
1446.822742 , 0.0007433425183
1447.759197 , 0.0007635774262
1448.695652 , 0.0005710402715
1449.632107 , 0.0002726912613
1450.568562 , 4.211254271e-05
1451.505017 , 2.263238884e-05
1452.441472 , 0.0002432953611
1453.377926 , 0.0005968615279
1454.314381 , 0.0008950935898
1455.250836 , 0.000972373976
1456.187291 , 0.0007805963332
1457.123746 , 0.0004219919945
1458.060201 , 9.90925155e-05
1458.996656 , 5.655391958e-06
1459.93311 , 0.0002339609627
1460.869565 , 0.0006647417787
1461.80602 , 0.001078917899
1462.742475 , 0.00125200913
1463.67893 , 0.00108282307
1464.615385 , 0.0006566322906
1465.551839 , 0.0002084158049
1466.488294 , 6.758218348e-07
1467.424749 , 0.0001781573
1468.361204 , 0.0006796712477
1469.297659 , 0.001260307911
1470.234114 , 0.001617025199
1471.170569 , 0.001552397381
1472.107023 , 0.001089198675
1473.043478 , 0.0004721346999
1473.979933 , 4.886095824e-05
1474.916388 , 8.583204739e-05
1475.852843 , 0.000615508056
1476.789298 , 0.001402698442
1477.725753 , 0.002056211658
1478.662207 , 0.002231536527
1479.598662 , 0.001819775887
1480.535117 , 0.001023146365
1481.471572 , 0.0002705196794
1482.408027 , 4.054216439e-06
1483.344482 , 0.0004396025275
1484.280936 , 0.00143073661
1485.217391 , 0.002520623121
1486.153846 , 0.003164956578
1487.090301 , 0.003015012548
1488.026756 , 0.002117584403
1488.963211 , 0.0009258336513
1489.899666 , 9.849979051e-05
1490.83612 , 0.0001675589867
1491.772575 , 0.001238006375
1492.70903 , 0.002890676129
1493.645485 , 0.0043603049
1494.58194 , 0.004911198383
1495.518395 , 0.004271572144
1496.454849 , 0.002667729001
1497.391304 , 0.000913899841
1498.327759 , 1.204060976e-05
1499.264214 , 0.0006443868246
1500.200669 , 0.002768001602
1501.137124 , 0.00555496801
1502.073579 , 0.007744917728
1503.010033 , 0.008246498542
1503.946488 , 0.006705256558
1504.882943 , 0.003781993886
1505.819398 , 0.0009832774825
1506.755853 , 2.898993353e-05
1507.692308 , 0.001969648461
1508.628763 , 0.006503478692
1509.565217 , 0.01193996965
1510.501672 , 0.01589789297
1511.438127 , 0.01639954383
1512.374582 , 0.01288602967
1513.311037 , 0.006784736511
1514.247492 , 0.001331246328
1515.183946 , 0.0003989762765
1516.120401 , 0.006505634987
1517.056856 , 0.01900393698
1517.993311 , 0.03379389636
1518.929766 , 0.0448876887
1519.866221 , 0.04685687598
1520.802676 , 0.03721941289
1521.73913 , 0.01880601096
1522.675585 , 0.002181005808
1523.61204 , 0.005760851878
1524.548495 , 0.04822831404
1525.48495 , 0.1336070651
1526.421405 , 0.2448845008
1527.35786 , 0.3568014134
1528.294314 , 0.4517054452
1529.230769 , 0.5231810785
1530.167224 , 0.5715902405
1531.103679 , 0.5998820557
1532.040134 , 0.6088260832
1532.976589 , 0.6001094694
1533.913043 , 0.5730244452
1534.849498 , 0.5255616647
1535.785953 , 0.4553108134
1536.722408 , 0.3618166886
1537.658863 , 0.2510150861
1538.595318 , 0.1396748553
1539.531773 , 0.05249043458
1540.468227 , 0.007241081373
1541.404682 , 0.001567993006
1542.341137 , 0.01782032199
1543.277592 , 0.03747957468
1544.214047 , 0.04926743082
1545.150502 , 0.04948159066
1546.086957 , 0.03974843786
1547.023411 , 0.02484005181
1547.959866 , 0.01061510388
1548.896321 , 0.001812442091
1549.832776 , 0.0002713699954
1550.769231 , 0.004574986393
1551.705686 , 0.01128503068
1552.64214 , 0.01680844144
1553.578595 , 0.01881065434
1554.51505 , 0.01676982365
1555.451505 , 0.01180595945
1556.38796 , 0.006029348336
1557.324415 , 0.001630211376
1558.26087 , 1.537926731e-06
1559.197324 , 0.001252550008
1560.133779 , 0.004324544899
1561.070234 , 0.007592119884
1562.006689 , 0.009595523117
1562.943144 , 0.009574421704
1563.879599 , 0.007653531023
1564.816054 , 0.004688533726
1565.752508 , 0.001866806139
1566.688963 , 0.0002141661415
1567.625418 , 0.0001977228322
1568.561873 , 0.001587693213
1569.498328 , 0.003621776539
1570.434783 , 0.005362698715
1571.371237 , 0.006108567595
1572.307692 , 0.005595457573
1573.244147 , 0.004080440214
1574.180602 , 0.002190743345
1575.117057 , 0.0006539506324
1576.053512 , 6.401701801e-06
1576.989967 , 0.0003947724535
1577.926421 , 0.001548201578
1578.862876 , 0.002920749845
1579.799331 , 0.003928946705
1580.735786 , 0.00417911964
1581.672241 , 0.003600226325
1582.608696 , 0.00244524968
1583.545151 , 0.001172675476
1584.481605 , 0.0002581852058
1585.41806 , 9.902886217e-06
1586.354515 , 0.0004590990479
1587.29097 , 0.001366581932
1588.227425 , 0.002334528382
1589.16388 , 0.002970374216
1590.100334 , 0.003034707882
1591.036789 , 0.002520098233
1591.973244 , 0.001638821789
1592.909699 , 0.000730449035
1593.846154 , 0.0001268971194
1594.782609 , 2.685730355e-05
1595.719064 , 0.0004273966472
1596.655518 , 0.001136805816
1597.591973 , 0.001858757365
1598.528428 , 0.002310039985
1599.464883 , 0.002324906822
1600.401338 , 0.001909152479
1601.337793 , 0.001228443194
1602.274247 , 0.0005390791347
1603.210702 , 8.87266852e-05
1604.147157 , 2.466837886e-05
1605.083612 , 0.0003437283096
1606.020067 , 0.0009011313477
1606.956522 , 0.001471742652
1607.892977 , 0.00183727463
1608.829431 , 0.001865531588
1609.765886 , 0.001553817215
1610.702341 , 0.001013496178
1611.638796 , 0.0004613680018
1612.575251 , 8.648077339e-05
1613.511706 , 1.234199487e-05
1614.448161 , 0.0002475741561
1615.384615 , 0.0006878965166
1616.32107 , 0.001159381884
1617.257525 , 0.001485208858
1618.19398 , 0.001546952365
1619.130435 , 0.001328493495
1620.06689 , 0.0009139659596
1621.003344 , 0.0004546317213
1621.939799 , 0.0001122694601
1622.876254 , 8.453554139e-07
1623.812709 , 0.0001474661742
1624.749164 , 0.0004861169809
1625.685619 , 0.0008851071472
1626.622074 , 0.001196663283
1627.558528 , 0.00130979542
1628.494983 , 0.001187736348
1629.431438 , 0.000877856142
1630.367893 , 0.0004919482898
1631.304348 , 0.0001648087093
1632.240803 , 6.157272172e-06
1633.177258 , 6.295354174e-05
1634.113712 , 0.0003051300079
1635.050167 , 0.0006389756848
1635.986622 , 0.000942260938
1636.923077 , 0.001107751414
1637.859532 , 0.001079649354
1638.795987 , 0.0008708916979
1639.732441 , 0.0005563229341
1640.668896 , 0.0002449705237
1641.605351 , 4.149129828e-05
1642.541806 , 1.028882223e-05
1643.478261 , 0.0001546254116
1644.414716 , 0.0004175214797
1645.351171 , 0.0007033407935
1646.287625 , 0.0009117573789
1647.22408 , 0.0009719628559
1648.160535 , 0.0008655871575
1649.09699 , 0.0006311833328
1650.033445 , 0.0003494930013
1650.9699 , 0.0001150070815
1651.906355 , 3.70817756e-06
1652.842809 , 4.796747808e-05
1653.779264 , 0.000211822
1654.715719 , 0.0004568435679
1655.652174 , 0.000690807117
1656.588629 , 0.0008349305194
1657.525084 , 0.0008423840578
1658.461538 , 0.0007126306642
1659.397993 , 0.0004901963463
1660.334448 , 0.000248815519
1661.270903 , 6.651847286e-05
1662.207358 , 3.204075957e-09
1663.143813 , 6.669715425e-05
1664.080268 , 0.0002401926416
1665.016722 , 0.0004601374324
1665.953177 , 0.0006528272716
1666.889632 , 0.0007553969711
1667.826087 , 0.0007356916294
1668.762542 , 0.000601665984
1669.698997 , 0.000397721987
1670.635452 , 0.0001895592447
1671.571906 , 4.265111706e-05
1672.508361 , 1.351587525e-06
1673.444816 , 7.529679313e-05
1674.381271 , 0.0002372672073
1675.317726 , 0.0004328495796
1676.254181 , 0.0005984155823
1677.190635 , 0.0006814213429
1678.12709 , 0.0006565768534
1679.063545 , 0.0005330127959
1680 , 0.0003505357135
