1.4 , 1.609896452 , 2.03006744
1.400936455 , 1.609615401 , 2.030003135
1.40187291 , 1.609334437 , 2.029874459
1.402809365 , 1.609053558 , 2.029745653
1.403745819 , 1.608772765 , 2.029616716
1.404682274 , 1.608492058 , 2.029487648
1.405618729 , 1.608211437 , 2.029358449
1.406555184 , 1.607930903 , 2.029229121
1.407491639 , 1.607650454 , 2.029099662
1.408428094 , 1.607370092 , 2.028970073
1.409364548 , 1.607089816 , 2.028840354
1.410301003 , 1.606809626 , 2.028710506
1.411237458 , 1.606529523 , 2.028580528
1.412173913 , 1.606249506 , 2.02845042
1.413110368 , 1.605969575 , 2.028320184
1.414046823 , 1.60568973 , 2.028189818
1.414983278 , 1.605409972 , 2.028059324
1.415919732 , 1.6051303 , 2.027928701
1.416856187 , 1.604850715 , 2.027797949
1.417792642 , 1.604571216 , 2.027667069
1.418729097 , 1.604291803 , 2.02753606
1.419665552 , 1.604012478 , 2.027404924
1.420602007 , 1.603733238 , 2.027273659
1.421538462 , 1.603454085 , 2.027142267
1.422474916 , 1.603175019 , 2.027010747
1.423411371 , 1.60289604 , 2.0268791
1.424347826 , 1.602617147 , 2.026747325
1.425284281 , 1.602338341 , 2.026615424
1.426220736 , 1.602059621 , 2.026483395
1.427157191 , 1.601780988 , 2.026351239
1.428093645 , 1.601502442 , 2.026218957
1.4290301 , 1.601223983 , 2.026086548
1.429966555 , 1.600945611 , 2.025954013
1.43090301 , 1.600667325 , 2.025821351
1.431839465 , 1.600389126 , 2.025688564
1.43277592 , 1.600111014 , 2.02555565
1.433712375 , 1.59983299 , 2.025422611
1.434648829 , 1.599555052 , 2.025289446
1.435585284 , 1.599277201 , 2.19846247
1.436521739 , 1.598773336 , 2.280542473
1.437458194 , 1.598388323 , 2.119308005
1.438394649 , 1.598094613 , 2.049372935
1.439331104 , 1.597800721 , 2.049652272
1.440267559 , 1.597506647 , 2.049931225
1.441204013 , 1.597212392 , 2.050209793
1.442140468 , 1.596917957 , 2.050487975
1.443076923 , 1.59662334 , 2.050765769
1.444013378 , 1.596328544 , 2.051043174
1.444949833 , 1.596033568 , 2.051320189
1.445886288 , 1.595738412 , 2.051596811
1.446822742 , 1.595443078 , 2.051873041
1.447759197 , 1.595147565 , 2.052148875
1.448695652 , 1.594851873 , 2.052424314
1.449632107 , 1.594556004 , 2.052699355
1.450568562 , 1.594259957 , 2.052973996
1.451505017 , 1.593963732 , 2.053248238
1.452441472 , 1.593667331 , 2.053522077
1.453377926 , 1.593370754 , 2.053795514
1.454314381 , 1.593074 , 2.054068545
1.455250836 , 1.592777071 , 2.054341171
1.456187291 , 1.592479967 , 2.054613388
1.457123746 , 1.592182688 , 2.054885197
1.458060201 , 1.591885234 , 2.055156596
1.458996656 , 1.591587605 , 2.055427582
1.45993311 , 1.591289804 , 2.055698155
1.460869565 , 1.590991828 , 2.055968314
1.46180602 , 1.59069368 , 2.056238056
1.462742475 , 1.590395359 , 2.05650738
1.46367893 , 1.590096866 , 2.056776285
1.464615385 , 1.5897982 , 2.05704477
1.465551839 , 1.589499364 , 2.057312832
1.466488294 , 1.589200356 , 2.057580471
1.467424749 , 1.588901177 , 2.057847685
1.468361204 , 1.588601828 , 2.058114472
1.469297659 , 1.588302309 , 2.058380832
1.470234114 , 1.58800262 , 2.058646762
1.471170569 , 1.587702762 , 2.058912261
1.472107023 , 1.587402735 , 2.059177327
1.473043478 , 1.58710254 , 2.05944196
1.473979933 , 1.586802177 , 2.059706157
1.474916388 , 1.586501645 , 2.059969918
1.475852843 , 1.586200947 , 2.06023324
1.476789298 , 1.585900082 , 2.060496122
1.477725753 , 1.58559905 , 2.060758563
1.478662207 , 1.585297852 , 2.061020561
1.479598662 , 1.584996488 , 2.061282114
1.480535117 , 1.584694958 , 2.061543222
1.481471572 , 1.584393264 , 2.061803882
1.482408027 , 1.584091405 , 2.062064093
1.483344482 , 1.583789382 , 1.524940556
1.484280936 , 1.584165709 , 1.502200567
1.485217391 , 1.583892808 , 2.016644122
1.486153846 , 1.583619995 , 2.016504092
1.487090301 , 1.58334727 , 2.016363945
1.488026756 , 1.583074634 , 2.01622368
1.488963211 , 1.582802086 , 2.016083299
1.489899666 , 1.582529626 , 2.015942801
1.49083612 , 1.582257255 , 2.015802187
1.491772575 , 1.581984972 , 2.015661455
1.49270903 , 1.581712777 , 2.015520608
1.493645485 , 1.581440671 , 2.015379644
1.49458194 , 1.581168653 , 2.015238564
1.495518395 , 1.580896724 , 2.015097368
1.496454849 , 1.580624883 , 2.014956056
1.497391304 , 1.58035313 , 2.014814629
1.498327759 , 1.580081466 , 2.014673086
1.499264214 , 1.579809891 , 2.014531427
1.500200669 , 1.579538404 , 2.014389653
1.501137124 , 1.579267005 , 2.014247764
1.502073579 , 1.578995695 , 2.01410576
1.503010033 , 1.578724474 , 2.013963641
1.503946488 , 1.578453341 , 2.013821408
1.504882943 , 1.578182297 , 2.013679059
1.505819398 , 1.577911341 , 2.013536596
1.506755853 , 1.577640474 , 2.013394019
1.507692308 , 1.577369696 , 2.013251328
1.508628763 , 1.577099007 , 2.013108522
1.509565217 , 1.576828406 , 2.012965603
1.510501672 , 1.576557893 , 2.012822569
1.511438127 , 1.57628747 , 2.012679422
1.512374582 , 1.576017135 , 2.012536161
1.513311037 , 1.575746889 , 2.012392787
1.514247492 , 1.575476732 , 2.0122493
1.515183946 , 1.575206663 , 2.012105699
1.516120401 , 1.574936684 , 2.011961985
1.517056856 , 1.574666793 , 2.011818159
1.517993311 , 1.574396991 , 2.011674219
1.518929766 , 1.574127277 , 2.011530167
1.519866221 , 1.573857653 , 2.011386003
1.520802676 , 1.573588117 , 2.011241726
1.52173913 , 1.573318671 , 2.011097336
1.522675585 , 1.573049313 , 2.010952835
1.52361204 , 1.572780044 , 2.010808222
1.524548495 , 1.572510864 , 2.010663496
1.52548495 , 1.572241773 , 2.010518659
1.526421405 , 1.571972771 , 2.010373711
1.52735786 , 1.571703857 , 2.01022865
1.528294314 , 1.571435033 , 2.010083479
1.529230769 , 1.571166298 , 2.009938196
1.530167224 , 1.570897652 , 2.009792802
1.531103679 , 1.570629095 , 2.009647297
1.532040134 , 1.570360627 , 2.009501681
1.532976589 , 1.570092248 , 2.009355955
1.533913043 , 1.569823957 , 2.009210117
1.534849498 , 1.569555756 , 2.00906417
1.535785953 , 1.569287645 , 2.008918112
1.536722408 , 1.569019622 , 2.008771943
1.537658863 , 1.568751688 , 2.008625665
1.538595318 , 1.568483843 , 2.008479277
1.539531773 , 1.568216088 , 2.008332778
1.540468227 , 1.567948422 , 2.00818617
1.541404682 , 1.567680845 , 2.008039453
1.542341137 , 1.567413357 , 2.007892626
1.543277592 , 1.567145958 , 2.007745689
1.544214047 , 1.566878648 , 2.007598643
1.545150502 , 1.566611428 , 2.007451489
1.546086957 , 1.566344297 , 2.007304225
1.547023411 , 1.566077255 , 2.007156852
1.547959866 , 1.565810302 , 2.00700937
1.548896321 , 1.565543438 , 2.00686178
1.549832776 , 1.565276664 , 2.006714082
1.550769231 , 1.565009979 , 2.006566275
1.551705686 , 1.564743384 , 2.006418359
1.55264214 , 1.564476877 , 2.006270336
1.553578595 , 1.56421046 , 2.006122204
1.55451505 , 1.563944133 , 2.005973965
1.555451505 , 1.563677894 , 2.005825618
1.55638796 , 1.563411745 , 2.005677163
1.557324415 , 1.563145686 , 2.005528601
1.55826087 , 1.562879715 , 2.005379931
1.559197324 , 1.562613834 , 2.005231154
1.560133779 , 1.562348043 , 2.005082269
1.561070234 , 1.562082341 , 2.004933278
1.562006689 , 1.561816728 , 2.00478418
1.562943144 , 1.561551205 , 2.004634975
1.563879599 , 1.561285771 , 2.004485663
1.564816054 , 1.561020426 , 2.004336244
1.565752508 , 1.560755171 , 2.004186719
1.566688963 , 1.560490006 , 2.004037088
1.567625418 , 1.56022493 , 2.00388735
1.568561873 , 1.559959943 , 2.003737507
1.569498328 , 1.559695046 , 2.003587557
1.570434783 , 1.559430239 , 2.003437501
1.571371237 , 1.55916552 , 2.00328734
1.572307692 , 1.558900892 , 2.003137073
1.573244147 , 1.558636353 , 2.0029867
1.574180602 , 1.558371903 , 2.002836222
1.575117057 , 1.558107543 , 2.002685639
1.576053512 , 1.557843273 , 2.002534951
1.576989967 , 1.557579092 , 2.002384157
1.577926421 , 1.557315001 , 2.002233258
1.578862876 , 1.557050999 , 2.002082255
1.579799331 , 1.556787087 , 2.001931147
1.580735786 , 1.556523265 , 2.001779934
1.581672241 , 1.556259532 , 2.001628617
1.582608696 , 1.555995889 , 2.001477195
1.583545151 , 1.555732335 , 2.001325669
1.584481605 , 1.555468871 , 2.001174039
1.58541806 , 1.555205497 , 2.001022305
1.586354515 , 1.554942212 , 2.000870466
1.58729097 , 1.554679017 , 2.000718524
1.588227425 , 1.554415912 , 2.000566479
1.58916388 , 1.554152896 , 2.000414329
1.590100334 , 1.55388997 , 2.000262076
1.591036789 , 1.553627134 , 2.00010972
1.591973244 , 1.553364388 , 1.999957261
1.592909699 , 1.553101731 , 1.999804698
1.593846154 , 1.552839164 , 1.999652032
1.594782609 , 1.552576686 , 1.999499263
1.595719064 , 1.552314299 , 1.999346392
1.596655518 , 1.552052001 , 1.999193418
1.597591973 , 1.551789793 , 1.999040341
1.598528428 , 1.551527674 , 1.998887161
1.599464883 , 1.551265646 , 1.99873388
1.600401338 , 1.551003707 , 1.998580496
1.601337793 , 1.550741858 , 1.998427009
1.602274247 , 1.550480098 , 1.998273421
1.603210702 , 1.550218429 , 1.998119731
1.604147157 , 1.549956849 , 1.997965939
1.605083612 , 1.549695359 , 1.997812045
1.606020067 , 1.549433959 , 1.997658049
1.606956522 , 1.549172649 , 1.997503952
1.607892977 , 1.548911429 , 1.997349754
1.608829431 , 1.548650298 , 1.997195454
1.609765886 , 1.548389257 , 1.997041053
1.610702341 , 1.548128306 , 1.996886551
1.611638796 , 1.547867445 , 1.996731948
1.612575251 , 1.547606674 , 1.996577244
1.613511706 , 1.547345993 , 1.996422439
1.614448161 , 1.547085401 , 1.996267534
1.615384615 , 1.5468249 , 1.996112528
1.61632107 , 1.546564488 , 1.995957422
1.617257525 , 1.546304166 , 1.995802215
1.61819398 , 1.546043935 , 1.995646908
1.619130435 , 1.545783793 , 1.995491501
1.62006689 , 1.545523741 , 1.995335993
1.621003344 , 1.545263779 , 1.995180386
1.621939799 , 1.545003906 , 1.995024679
1.622876254 , 1.544744124 , 1.994868872
1.623812709 , 1.544484432 , 1.994712966
1.624749164 , 1.544224829 , 1.99455696
1.625685619 , 1.543965317 , 2.197584065
1.626622074 , 1.543471812 , 2.212161454
1.627558528 , 1.543195381 , 2.024137077
1.628494983 , 1.54291837 , 2.02515643
1.629431438 , 1.542640765 , 2.026201146
1.630367893 , 1.542362553 , 2.027271458
1.631304348 , 1.542083719 , 2.028367595
1.632240803 , 1.541804248 , 2.029489789
1.633177258 , 1.541524126 , 2.03063827
1.634113712 , 1.541243337 , 2.031813266
1.635050167 , 1.540961868 , 2.033015006
1.635986622 , 1.540679702 , 2.034243718
1.636923077 , 1.540396826 , 2.035499629
1.637859532 , 1.540113223 , 2.036782965
1.638795987 , 1.539828879 , 2.038093953
1.639732441 , 1.539543777 , 2.039432817
1.640668896 , 1.539257903 , 2.040799781
1.641605351 , 1.538971241 , 2.042195069
1.642541806 , 1.538683775 , 2.043618904
1.643478261 , 1.538395488 , 2.045071508
1.644414716 , 1.538106366 , 2.046553101
1.645351171 , 1.537816392 , 2.048063904
1.646287625 , 1.537525549 , 2.049604136
1.64722408 , 1.537233822 , 2.051174016
1.648160535 , 1.536941194 , 2.052773762
1.64909699 , 1.536647649 , 2.054403589
1.650033445 , 1.536353169 , 2.056063714
1.6509699 , 1.536057739 , 2.057754352
1.651906355 , 1.535761341 , 2.059475716
1.652842809 , 1.535463959 , 2.061228019
1.653779264 , 1.535165575 , 2.063011473
1.654715719 , 1.534866172 , 2.064826289
1.655652174 , 1.534565733 , 2.066672675
1.656588629 , 1.534264241 , 2.068550841
1.657525084 , 1.533961678 , 2.070460995
1.658461538 , 1.533658027 , 2.072403341
1.659397993 , 1.53335327 , 2.074378085
1.660334448 , 1.533047389 , 2.076385432
1.661270903 , 1.532740367 , 2.078425583
1.662207358 , 1.532432186 , 2.080498741
1.663143813 , 1.532122828 , 1.304694076
1.664080268 , 1.5326883 , 1.257195278
1.665016722 , 1.532432893 , 1.986465813
1.665953177 , 1.532177576 , 1.986305392
1.666889632 , 1.53192235 , 1.986144876
1.667826087 , 1.531667214 , 1.985984266
1.668762542 , 1.531412168 , 1.98582356
1.669698997 , 1.531157212 , 1.985662761
1.670635452 , 1.530902347 , 1.985501867
1.671571906 , 1.530647572 , 1.985340878
1.672508361 , 1.530392887 , 1.985179795
1.673444816 , 1.530138292 , 1.985018618
1.674381271 , 1.529883787 , 1.984857347
1.675317726 , 1.529629373 , 1.984695983
1.676254181 , 1.529375049 , 1.984534524
1.677190635 , 1.529120815 , 1.984372971
1.67812709 , 1.528866671 , 1.984211325
1.679063545 , 1.528612618 , 1.984049585
1.68 , 1.528358654 , 1.983968692
