1400 , 0.02508354685
1400.936455 , 0.02523030085
1401.87291 , 0.02474980084
1402.809365 , 0.02365587115
1403.745819 , 0.02199224909
1404.682274 , 0.01983196171
1405.618729 , 0.01727553398
1406.555184 , 0.01444790726
1407.491639 , 0.01149396504
1408.428094 , 0.008572622612
1409.364548 , 0.005849546914
1410.301003 , 0.003488725396
1411.237458 , 0.00164328309
1412.173913 , 0.0004461259247
1413.110368 , 1.128001659e-06
1414.046823 , 0.0003756425329
1414.983278 , 0.001595071489
1415.919732 , 0.003640068697
1416.856187 , 0.006446692233
1417.792642 , 0.009909506324
1418.729097 , 0.01388731757
1419.665552 , 0.01821097295
1420.602007 , 0.02269249033
1421.538462 , 0.02713475482
1422.474916 , 0.03134108716
1423.411371 , 0.03512414357
1424.347826 , 0.03831379956
1425.284281 , 0.04076386192
1426.220736 , 0.04235761056
1427.157191 , 0.0430122748
1428.093645 , 0.04268258777
1429.0301 , 0.0413635402
1429.966555 , 0.03909237832
1430.90301 , 0.03594977474
1431.839465 , 0.03205996355
1432.77592 , 0.02758949474
1433.712375 , 0.02274415833
1434.648829 , 0.01776358871
1435.585284 , 0.01291312253
1436.521739 , 0.00779375949
1437.458194 , 0.003939981959
1438.394649 , 0.001393918043
1439.331104 , 0.000115582523
1440.267559 , 0.0002769366071
1441.204013 , 0.00197783053
1442.140468 , 0.005235607963
1443.076923 , 0.009980897272
1444.013378 , 0.01606022642
1444.949833 , 0.02324513016
1445.886288 , 0.03124651911
1446.822742 , 0.03973245548
1447.759197 , 0.04834724942
1448.695652 , 0.05672995869
1449.632107 , 0.06453084949
1450.568562 , 0.07142500386
1451.505017 , 0.07712289657
1452.441472 , 0.08137829095
1453.377926 , 0.08399416348
1454.314381 , 0.08482754607
1455.250836 , 0.08379418575
1456.187291 , 0.08087378722
1457.123746 , 0.07611633787
1458.060201 , 0.06964961777
1458.996656 , 0.06168745868
1459.93311 , 0.05253763131
1460.869565 , 0.04260743795
1461.80602 , 0.03240426867
1462.742475 , 0.02252775544
1463.67893 , 0.01365006596
1464.615385 , 0.006481726909
1465.551839 , 0.001722484731
1466.488294 , 9.56518677e-08
1467.424749 , 0.001803990323
1468.361204 , 0.007424228939
1469.297659 , 0.01690747651
1470.234114 , 0.0300397246
1471.170569 , 0.04636021106
1472.107023 , 0.06520397312
1473.043478 , 0.0857641451
1473.979933 , 0.1071616353
1474.916388 , 0.1285100358
1475.852843 , 0.1489668498
1476.789298 , 0.1677667343
1477.725753 , 0.1842368136
1478.662207 , 0.1977972016
1479.598662 , 0.207951458
1480.535117 , 0.2142721564
1481.471572 , 0.2163866587
1482.408027 , 0.2139682079
1483.344482 , 0.2067380874
1484.280936 , 0.2014117588
1485.217391 , 0.1869689069
1486.153846 , 0.1676512653
1487.090301 , 0.1437075287
1488.026756 , 0.1158040372
1488.963211 , 0.08526028342
1489.899666 , 0.05433810064
1490.83612 , 0.02651199311
1491.772575 , 0.006550592345
1492.70903 , 0.0001383967737
1493.645485 , 0.01278900694
1494.58194 , 0.04812402887
1495.518395 , 0.1061950496
1496.454849 , 0.1829067828
1497.391304 , 0.27111733
1498.327759 , 0.3628498129
1499.264214 , 0.4513612643
1500.200669 , 0.532193987
1501.137124 , 0.6031824773
1502.073579 , 0.6638862309
1503.010033 , 0.7149118617
1503.946488 , 0.757368567
1504.882943 , 0.7925144489
1505.819398 , 0.8215618204
1506.755853 , 0.8455885734
1507.692308 , 0.865510904
1508.628763 , 0.882087337
1509.565217 , 0.8959362952
1510.501672 , 0.9075577144
1511.438127 , 0.9173541125
1512.374582 , 0.9256492121
1513.311037 , 0.9327035836
1514.247492 , 0.938727412
1515.183946 , 0.9438907425
1516.120401 , 0.9483316224
1517.056856 , 0.952162541
1517.993311 , 0.9554755101
1518.929766 , 0.9583460724
1519.866221 , 0.960836468
1520.802676 , 0.9629981402
1521.73913 , 0.9648737237
1522.675585 , 0.9664986261
1523.61204 , 0.9679022892
1524.548495 , 0.9691091979
1525.48495 , 0.970139687
1526.421405 , 0.9710105888
1527.35786 , 0.9717357509
1528.294314 , 0.9723264497
1529.230769 , 0.9727917189
1530.167224 , 0.9731386059
1531.103679 , 0.9733723698
1532.040134 , 0.9734966274
1532.976589 , 0.9735134546
1533.913043 , 0.9734234467
1534.849498 , 0.9732257408
1535.785953 , 0.9729180012
1536.722408 , 0.9724963675
1537.658863 , 0.9719553633
1538.595318 , 0.9712877625
1539.531773 , 0.9704844087
1540.468227 , 0.969533979
1541.404682 , 0.9684226852
1542.341137 , 0.9671338987
1543.277592 , 0.9656476842
1544.214047 , 0.9639402216
1545.150502 , 0.9619830928
1546.086957 , 0.9597423985
1547.023411 , 0.9571776673
1547.959866 , 0.9542405035
1548.896321 , 0.9508729099
1549.832776 , 0.9470052026
1550.769231 , 0.9425534164
1551.705686 , 0.9374160705
1552.64214 , 0.931470139
1553.578595 , 0.9245660342
1554.51505 , 0.916521381
1555.451505 , 0.9071133375
1556.38796 , 0.8960692172
1557.324415 , 0.8830552304
1558.26087 , 0.8676633392
1559.197324 , 0.8493966238
1560.133779 , 0.8276543612
1561.070234 , 0.8017195279
1562.006689 , 0.7707540634
1562.943144 , 0.7338115342
1563.879599 , 0.6898832189
1564.816054 , 0.6380016922
1565.752508 , 0.577432858
1566.688963 , 0.5079849484
1567.625418 , 0.4304353366
1568.561873 , 0.3470030088
1569.498328 , 0.261673647
1570.434783 , 0.1800746509
1571.371237 , 0.1086429946
1572.307692 , 0.05315661239
1573.244147 , 0.01718542958
1574.180602 , 0.001230260136
1575.117057 , 0.002952245549
1576.053512 , 0.0182335424
1576.989967 , 0.04243523789
1577.926421 , 0.0713402197
1578.862876 , 0.1016172479
1579.799331 , 0.1309011325
1580.735786 , 0.1576622789
1581.672241 , 0.1810054698
1582.608696 , 0.2004764899
1583.545151 , 0.2159075988
1584.481605 , 0.227306465
1585.41806 , 0.2347822
1586.354515 , 0.2384994775
1587.29097 , 0.2386525789
1588.227425 , 0.2354530591
1589.16388 , 0.2291265104
1590.100334 , 0.2199152567
1591.036789 , 0.2080847078
1591.973244 , 0.1939315984
1592.909699 , 0.1777925382
1593.846154 , 0.1600512972
1594.782609 , 0.1411431717
1595.719064 , 0.1215547338
1596.655518 , 0.1018174144
1597.591973 , 0.08249382229
1598.528428 , 0.06415654978
1599.464883 , 0.0473604168
1600.401338 , 0.03261050084
1601.337793 , 0.02032955562
1602.274247 , 0.01082915978
1603.210702 , 0.004288830641
1604.147157 , 0.0007462849488
1605.083612 , 0.0001002227435
1606.020067 , 0.002124904889
1606.956522 , 0.006493940452
1607.892977 , 0.01280954037
1608.829431 , 0.02063321918
1609.765886 , 0.02951444601
1610.702341 , 0.0390147743
1611.638796 , 0.04872617092
1612.575251 , 0.05828333552
1613.511706 , 0.06737058318
1614.448161 , 0.07572431361
1615.384615 , 0.08313224929
1616.32107 , 0.08943057469
1617.257525 , 0.09449993745
1618.19398 , 0.09826105055
1619.130435 , 0.1006704117
1620.06689 , 0.1017164589
1621.003344 , 0.1014163182
1621.939799 , 0.09981317737
1622.876254 , 0.09697422265
1623.812709 , 0.09298900958
1624.749164 , 0.08796809155
1625.685619 , 0.08204169785
1626.622074 , 0.07393291707
1627.558528 , 0.06645171348
1628.494983 , 0.05858106382
1629.431438 , 0.05052000749
1630.367893 , 0.04247404744
1631.304348 , 0.03464967931
1632.240803 , 0.02724811006
1633.177258 , 0.02045843297
1634.113712 , 0.01445064675
1635.050167 , 0.00936899618
1635.986622 , 0.005326150585
1636.923077 , 0.002398711049
1637.859532 , 0.0006244445266
1638.795987 , 1.492412519e-06
1639.732441 , 0.0004896142025
1640.668896 , 0.002013332384
1641.605351 , 0.004466672887
1642.541806 , 0.007719070998
1643.478261 , 0.01162194991
1644.414716 , 0.0160154802
1645.351171 , 0.02073508392
1646.287625 , 0.025617341
1647.22408 , 0.03050506726
1648.160535 , 0.03525144599
1649.09699 , 0.03972319408
1650.033445 , 0.04380281998
1650.9699 , 0.0473900829
1651.906355 , 0.05040278964
1652.842809 , 0.05277707243
1653.779264 , 0.05446728211
1654.715719 , 0.05544561164
1655.652174 , 0.05570153883
1656.588629 , 0.05524114958
1657.525084 , 0.05408637462
1658.461538 , 0.05227414739
1659.397993 , 0.04985546923
1660.334448 , 0.04689435085
1661.270903 , 0.04346658873
1662.207358 , 0.03965833045
1663.143813 , 0.03556438656
1664.080268 , 0.03443242662
1665.016722 , 0.0303172647
1665.953177 , 0.02615738486
1666.889632 , 0.02204637168
1667.826087 , 0.0180760221
1668.762542 , 0.01433401631
1669.698997 , 0.0109015902
1670.635452 , 0.007851304624
1671.571906 , 0.005245014704
1672.508361 , 0.003132141535
1673.444816 , 0.001548338841
1674.381271 , 0.000514628257
1675.317726 , 3.705066245e-05
1676.254181 , 0.0001068498935
1677.190635 , 0.0007011723826
1678.12709 , 0.001784235279
1679.063545 , 0.003308889501
1680 , 0.005218485343
