1.4 , 1.112080331 , 1.403079289
1.400936455 , 1.111885683 , 1.40270208
1.40187291 , 1.111691539 , 1.401948454
1.402809365 , 1.111497898 , 1.401196412
1.403745819 , 1.111304758 , 1.400445951
1.404682274 , 1.111112119 , 1.399697071
1.405618729 , 1.110919979 , 1.39894977
1.406555184 , 1.110728335 , 1.398204045
1.407491639 , 1.110537188 , 1.397459895
1.408428094 , 1.110346535 , 1.396717319
1.409364548 , 1.110156376 , 1.395976315
1.410301003 , 1.109966708 , 1.39523688
1.411237458 , 1.109777531 , 1.394499013
1.412173913 , 1.109588843 , 1.393762712
1.413110368 , 1.109400643 , 1.393027976
1.414046823 , 1.109212929 , 1.392294803
1.414983278 , 1.1090257 , 1.391563191
1.415919732 , 1.108838954 , 1.390833137
1.416856187 , 1.108652691 , 1.39010464
1.417792642 , 1.10846691 , 1.389377699
1.418729097 , 1.108281607 , 1.38865231
1.419665552 , 1.108096783 , 1.387928474
1.420602007 , 1.107912436 , 1.387206186
1.421538462 , 1.107728565 , 1.386485447
1.422474916 , 1.107545167 , 1.385766253
1.423411371 , 1.107362243 , 1.385048602
1.424347826 , 1.107179791 , 1.384332494
1.425284281 , 1.106997808 , 1.383617925
1.426220736 , 1.106816295 , 1.382904894
1.427157191 , 1.10663525 , 1.382193399
1.428093645 , 1.10645467 , 1.381483438
1.4290301 , 1.106274556 , 1.380775009
1.429966555 , 1.106094906 , 1.380068109
1.43090301 , 1.105915718 , 1.379362737
1.431839465 , 1.105736991 , 1.378658891
1.43277592 , 1.105558724 , 1.377956569
1.433712375 , 1.105380915 , 1.377255769
1.434648829 , 1.105203564 , 1.376556488
1.435585284 , 1.105026668 , 1.403189205
1.436521739 , 1.104814572 , 1.415331293
1.437458194 , 1.104621823 , 1.389097577
1.438394649 , 1.104443919 , 1.377378402
1.439331104 , 1.104266439 , 1.37672818
1.440267559 , 1.104089382 , 1.376078914
1.441204013 , 1.103912747 , 1.375430606
1.442140468 , 1.103736532 , 1.374783256
1.443076923 , 1.103560738 , 1.374136864
1.444013378 , 1.103385363 , 1.373491432
1.444949833 , 1.103210406 , 1.37284696
1.445886288 , 1.103035866 , 1.372203449
1.446822742 , 1.102861743 , 1.371560899
1.447759197 , 1.102688036 , 1.370919311
1.448695652 , 1.102514743 , 1.370278685
1.449632107 , 1.102341864 , 1.369639023
1.450568562 , 1.102169398 , 1.369000323
1.451505017 , 1.101997343 , 1.368362588
1.452441472 , 1.101825701 , 1.367725818
1.453377926 , 1.101654468 , 1.367090012
1.454314381 , 1.101483644 , 1.366455172
1.455250836 , 1.101313229 , 1.365821298
1.456187291 , 1.101143222 , 1.36518839
1.457123746 , 1.100973622 , 1.364556449
1.458060201 , 1.100804427 , 1.363925475
1.458996656 , 1.100635637 , 1.363295469
1.45993311 , 1.100467251 , 1.362666431
1.460869565 , 1.100299268 , 1.362038362
1.46180602 , 1.100131688 , 1.361411261
1.462742475 , 1.099964509 , 1.360785129
1.46367893 , 1.099797731 , 1.360159966
1.464615385 , 1.099631352 , 1.359535773
1.465551839 , 1.099465372 , 1.35891255
1.466488294 , 1.09929979 , 1.358290297
1.467424749 , 1.099134605 , 1.357669015
1.468361204 , 1.098969817 , 1.357048703
1.469297659 , 1.098805423 , 1.356429362
1.470234114 , 1.098641424 , 1.355810992
1.471170569 , 1.098477819 , 1.355193593
1.472107023 , 1.098314606 , 1.354577166
1.473043478 , 1.098151785 , 1.353961711
1.473979933 , 1.097989355 , 1.353347227
1.474916388 , 1.097827315 , 1.352733715
1.475852843 , 1.097665664 , 1.352121175
1.476789298 , 1.097504402 , 1.351509608
1.477725753 , 1.097343527 , 1.350899012
1.478662207 , 1.097183039 , 1.350289389
1.479598662 , 1.097022936 , 1.349680738
1.480535117 , 1.096863219 , 1.349073059
1.481471572 , 1.096703885 , 1.348466353
1.482408027 , 1.096544935 , 1.347860619
1.483344482 , 1.096386367 , 1.274834392
1.484280936 , 1.096319622 , 1.271364785
1.485217391 , 1.09616549 , 1.340309749
1.486153846 , 1.096011747 , 1.33969238
1.487090301 , 1.095858394 , 1.339076398
1.488026756 , 1.095705428 , 1.338461802
1.488963211 , 1.095552848 , 1.337848589
1.489899666 , 1.095400653 , 1.337236757
1.49083612 , 1.095248843 , 1.336626302
1.491772575 , 1.095097415 , 1.336017223
1.49270903 , 1.094946369 , 1.335409518
1.493645485 , 1.094795705 , 1.334803183
1.49458194 , 1.09464542 , 1.334198216
1.495518395 , 1.094495513 , 1.333594615
1.496454849 , 1.094345984 , 1.332992377
1.497391304 , 1.094196832 , 1.3323915
1.498327759 , 1.094048055 , 1.331791981
1.499264214 , 1.093899652 , 1.331193819
1.500200669 , 1.093751622 , 1.330597009
1.501137124 , 1.093603965 , 1.33000155
1.502073579 , 1.093456678 , 1.32940744
1.503010033 , 1.093309762 , 1.328814676
1.503946488 , 1.093163214 , 1.328223254
1.504882943 , 1.093017035 , 1.327633174
1.505819398 , 1.092871222 , 1.327044432
1.506755853 , 1.092725774 , 1.326457026
1.507692308 , 1.092580692 , 1.325870953
1.508628763 , 1.092435973 , 1.325286211
1.509565217 , 1.092291616 , 1.324702798
1.510501672 , 1.092147621 , 1.32412071
1.511438127 , 1.092003987 , 1.323539945
1.512374582 , 1.091860712 , 1.322960501
1.513311037 , 1.091717795 , 1.322382376
1.514247492 , 1.091575236 , 1.321805566
1.515183946 , 1.091433033 , 1.321230069
1.516120401 , 1.091291185 , 1.320655883
1.517056856 , 1.091149692 , 1.320083005
1.517993311 , 1.091008552 , 1.319511432
1.518929766 , 1.090867764 , 1.318941163
1.519866221 , 1.090727327 , 1.318372194
1.520802676 , 1.09058724 , 1.317804523
1.52173913 , 1.090447502 , 1.317238147
1.522675585 , 1.090308113 , 1.316673065
1.52361204 , 1.090169071 , 1.316109272
1.524548495 , 1.090030375 , 1.315546768
1.52548495 , 1.089892024 , 1.314985549
1.526421405 , 1.089754017 , 1.314425613
1.52735786 , 1.089616353 , 1.313866956
1.528294314 , 1.089479031 , 1.313309578
1.529230769 , 1.089342051 , 1.312753474
1.530167224 , 1.08920541 , 1.312198644
1.531103679 , 1.089069109 , 1.311645083
1.532040134 , 1.088933146 , 1.311092789
1.532976589 , 1.08879752 , 1.310541761
1.533913043 , 1.088662231 , 1.309991995
1.534849498 , 1.088527277 , 1.309443489
1.535785953 , 1.088392656 , 1.30889624
1.536722408 , 1.08825837 , 1.308350246
1.537658863 , 1.088124415 , 1.307805504
1.538595318 , 1.087990792 , 1.307262011
1.539531773 , 1.0878575 , 1.306719766
1.540468227 , 1.087724536 , 1.306178765
1.541404682 , 1.087591902 , 1.305639007
1.542341137 , 1.087459595 , 1.305100487
1.543277592 , 1.087327614 , 1.304563205
1.544214047 , 1.087195959 , 1.304027157
1.545150502 , 1.087064629 , 1.30349234
1.546086957 , 1.086933623 , 1.302958753
1.547023411 , 1.086802939 , 1.302426393
1.547959866 , 1.086672577 , 1.301895256
1.548896321 , 1.086542536 , 1.301365342
1.549832776 , 1.086412816 , 1.300836646
1.550769231 , 1.086283414 , 1.300309167
1.551705686 , 1.08615433 , 1.299782902
1.55264214 , 1.086025564 , 1.299257848
1.553578595 , 1.085897114 , 1.298734003
1.55451505 , 1.08576898 , 1.298211364
1.555451505 , 1.08564116 , 1.297689929
1.55638796 , 1.085513653 , 1.297169696
1.557324415 , 1.085386459 , 1.296650661
1.55826087 , 1.085259577 , 1.296132822
1.559197324 , 1.085133006 , 1.295616176
1.560133779 , 1.085006744 , 1.295100722
1.561070234 , 1.084880792 , 1.294586456
1.562006689 , 1.084755148 , 1.294073377
1.562943144 , 1.084629811 , 1.29356148
1.563879599 , 1.08450478 , 1.293050765
1.564816054 , 1.084380055 , 1.292541228
1.565752508 , 1.084255635 , 1.292032866
1.566688963 , 1.084131518 , 1.291525678
1.567625418 , 1.084007704 , 1.291019661
1.568561873 , 1.083884192 , 1.290514812
1.569498328 , 1.083760981 , 1.290011129
1.570434783 , 1.08363807 , 1.289508609
1.571371237 , 1.083515458 , 1.289007249
1.572307692 , 1.083393145 , 1.288507048
1.573244147 , 1.08327113 , 1.288008002
1.574180602 , 1.083149411 , 1.287510109
1.575117057 , 1.083027988 , 1.287013367
1.576053512 , 1.08290686 , 1.286517773
1.576989967 , 1.082786026 , 1.286023324
1.577926421 , 1.082665485 , 1.285530019
1.578862876 , 1.082545237 , 1.285037854
1.579799331 , 1.082425281 , 1.284546826
1.580735786 , 1.082305615 , 1.284056935
1.581672241 , 1.082186239 , 1.283568176
1.582608696 , 1.082067152 , 1.283080548
1.583545151 , 1.081948353 , 1.282594047
1.584481605 , 1.081829842 , 1.282108672
1.58541806 , 1.081711617 , 1.28162442
1.586354515 , 1.081593678 , 1.281141289
1.58729097 , 1.081476024 , 1.280659275
1.588227425 , 1.081358653 , 1.280178377
1.58916388 , 1.081241566 , 1.279698592
1.590100334 , 1.081124762 , 1.279219917
1.591036789 , 1.081008239 , 1.27874235
1.591973244 , 1.080891996 , 1.278265889
1.592909699 , 1.080776034 , 1.277790531
1.593846154 , 1.080660351 , 1.277316273
1.594782609 , 1.080544946 , 1.276843113
1.595719064 , 1.080429819 , 1.276371049
1.596655518 , 1.080314968 , 1.275900078
1.597591973 , 1.080200393 , 1.275430198
1.598528428 , 1.080086094 , 1.274961406
1.599464883 , 1.079972068 , 1.274493699
1.600401338 , 1.079858317 , 1.274027076
1.601337793 , 1.079744838 , 1.273561533
1.602274247 , 1.07963163 , 1.273097069
1.603210702 , 1.079518695 , 1.272633681
1.604147157 , 1.079406029 , 1.272171366
1.605083612 , 1.079293633 , 1.271710121
1.606020067 , 1.079181506 , 1.271249946
1.606956522 , 1.079069646 , 1.270790836
1.607892977 , 1.078958054 , 1.27033279
1.608829431 , 1.078846729 , 1.269875805
1.609765886 , 1.078735669 , 1.269419879
1.610702341 , 1.078624874 , 1.268965009
1.611638796 , 1.078514343 , 1.268511194
1.612575251 , 1.078404076 , 1.268058429
1.613511706 , 1.078294071 , 1.267606713
1.614448161 , 1.078184328 , 1.267156044
1.615384615 , 1.078074846 , 1.26670642
1.61632107 , 1.077965625 , 1.266257836
1.617257525 , 1.077856663 , 1.265810293
1.61819398 , 1.07774796 , 1.265363786
1.619130435 , 1.077639515 , 1.264918313
1.62006689 , 1.077531327 , 1.264473873
1.621003344 , 1.077423396 , 1.264030462
1.621939799 , 1.077315721 , 1.263588079
1.622876254 , 1.077208301 , 1.26314672
1.623812709 , 1.077101136 , 1.262706385
1.624749164 , 1.076994224 , 1.262267069
1.625685619 , 1.076887565 , 1.278801769
1.626622074 , 1.076761604 , 1.279535009
1.627558528 , 1.076654089 , 1.263336455
1.628494983 , 1.076546779 , 1.262982172
1.629431438 , 1.076439672 , 1.262630074
1.630367893 , 1.076332767 , 1.262280154
1.631304348 , 1.076226063 , 1.261932404
1.632240803 , 1.076119557 , 1.261586814
1.633177258 , 1.076013249 , 1.261243378
1.634113712 , 1.075907137 , 1.260902085
1.635050167 , 1.07580122 , 1.260562927
1.635986622 , 1.075695497 , 1.260225894
1.636923077 , 1.075589966 , 1.259890976
1.637859532 , 1.075484626 , 1.259558164
1.638795987 , 1.075379476 , 1.259227447
1.639732441 , 1.075274514 , 1.258898816
1.640668896 , 1.07516974 , 1.258572258
1.641605351 , 1.075065151 , 1.258247763
1.642541806 , 1.074960746 , 1.25792532
1.643478261 , 1.074856525 , 1.257604917
1.644414716 , 1.074752486 , 1.257286543
1.645351171 , 1.074648628 , 1.256970184
1.646287625 , 1.074544949 , 1.256655829
1.64722408 , 1.074441448 , 1.256343465
1.648160535 , 1.074338124 , 1.256033079
1.64909699 , 1.074234976 , 1.255724658
1.650033445 , 1.074132003 , 1.255418187
1.6509699 , 1.074029203 , 1.255113654
1.651906355 , 1.073926576 , 1.254811044
1.652842809 , 1.073824119 , 1.254510342
1.653779264 , 1.073721832 , 1.254211534
1.654715719 , 1.073619714 , 1.253914606
1.655652174 , 1.073517763 , 1.25361954
1.656588629 , 1.073415979 , 1.253326323
1.657525084 , 1.07331436 , 1.253034937
1.658461538 , 1.073212905 , 1.252745367
1.659397993 , 1.073111613 , 1.252457596
1.660334448 , 1.073010483 , 1.252171608
1.661270903 , 1.072909513 , 1.251887385
1.662207358 , 1.072808704 , 1.25160491
1.663143813 , 1.072708053 , 1.194682144
1.664080268 , 1.072671345 , 1.190999955
1.665016722 , 1.072574875 , 1.243901663
1.665953177 , 1.072478627 , 1.243505989
1.666889632 , 1.072382601 , 1.243111228
1.667826087 , 1.072286797 , 1.242717378
1.668762542 , 1.072191214 , 1.242324437
1.669698997 , 1.072095851 , 1.241932402
1.670635452 , 1.072000707 , 1.241541272
1.671571906 , 1.071905783 , 1.241151043
1.672508361 , 1.071811077 , 1.240761715
1.673444816 , 1.071716588 , 1.240373284
1.674381271 , 1.071622317 , 1.239985749
1.675317726 , 1.071528262 , 1.239599108
1.676254181 , 1.071434423 , 1.239213357
1.677190635 , 1.0713408 , 1.238828495
1.67812709 , 1.071247391 , 1.23844452
1.679063545 , 1.071154196 , 1.23806143
1.68 , 1.071061214 , 1.237870106
